gyro_x,gyro_y,gyro_z,acc_x,acc_y,acc_z
-0.98,-0.08,-163.13,0.000,0.000,0.000
-0.98,-0.08,-163.13,0.000,0.000,0.000
-0.97,-0.08,-163.13,0.000,0.000,0.000
-0.97,-0.08,-163.13,0.000,0.000,0.000
-0.97,-0.09,-163.13,0.000,0.000,0.000
-0.97,-0.09,-163.13,0.000,0.000,0.000
-0.97,-0.09,-163.13,0.000,0.000,0.000
-0.97,-0.09,-163.13,0.000,0.000,0.000
-0.97,-0.09,-163.13,0.000,0.000,0.000
-0.97,-0.09,-163.13,0.000,0.000,0.000
-0.97,-0.09,-163.13,0.000,0.000,0.000
-0.97,-0.09,-163.13,0.000,0.000,0.000
-0.97,-0.09,-163.13,0.000,0.000,0.000
-0.97,-0.10,-163.13,0.000,0.000,0.000
-0.97,-0.10,-163.13,0.000,0.000,0.000
-0.97,-0.10,-163.13,0.000,0.000,0.000
-0.97,-0.10,-163.13,0.000,0.000,0.000
-0.97,-0.10,-163.13,0.000,0.000,0.000
-0.97,-0.10,-163.13,0.000,0.000,0.000
-0.97,-0.10,-163.13,0.000,0.000,0.000
-0.97,-0.10,-163.13,0.000,0.000,0.000
-0.96,-0.10,-163.13,0.000,0.000,0.000
-0.96,-0.10,-163.13,0.000,0.000,0.000
-0.96,-0.11,-163.13,0.000,0.000,0.000
-0.96,-0.11,-163.13,0.000,0.000,0.000
-0.96,-0.11,-163.13,0.000,0.000,0.000
-0.96,-0.11,-163.13,0.000,0.000,0.000
-0.96,-0.11,-163.13,0.000,0.000,0.000
-0.96,-0.11,-163.13,0.000,0.000,0.000
-0.96,-0.11,-163.13,0.000,0.000,0.000
-0.96,-0.11,-163.13,0.000,0.000,0.000
-0.96,-0.11,-163.13,0.000,0.000,0.000
-0.96,-0.11,-163.13,0.000,0.000,0.000
-0.96,-0.12,-163.13,0.000,0.000,0.000
-0.96,-0.12,-163.13,0.000,0.000,0.000
-0.96,-0.12,-163.13,0.000,0.000,0.000
-0.96,-0.12,-163.13,0.000,0.000,0.000
-0.96,-0.12,-163.13,0.000,0.000,0.000
-0.96,-0.12,-163.13,0.000,0.000,0.000
-0.96,-0.12,-163.13,0.000,0.000,0.000
-0.96,-0.12,-163.13,0.000,0.000,0.000
-0.96,-0.12,-163.13,0.000,0.000,0.000
-0.96,-0.12,-163.13,0.000,0.000,0.000
-0.95,-0.13,-163.13,0.000,0.000,0.000
-0.95,-0.13,-163.13,0.000,0.000,0.000
-0.95,-0.13,-163.13,0.000,0.000,0.000
-0.95,-0.13,-163.13,0.000,0.000,0.000
-0.95,-0.13,-163.13,0.000,0.000,0.000
-0.95,-0.13,-163.13,0.000,0.000,0.000
-0.95,-0.13,-163.13,0.000,0.000,0.000
-0.95,-0.13,-163.13,0.000,0.000,0.000
-0.95,-0.13,-163.13,0.000,0.000,0.000
-0.95,-0.13,-163.13,0.000,0.000,0.000
-0.95,-0.13,-163.13,0.000,0.000,0.000
-0.95,-0.14,-163.13,0.000,0.000,0.000
-0.95,-0.14,-163.13,0.000,0.000,0.000
-0.95,-0.14,-163.13,0.000,0.000,0.000
-0.95,-0.14,-163.13,0.000,0.000,0.000
-0.95,-0.14,-163.13,0.000,0.000,0.000
-0.95,-0.14,-163.13,0.000,0.000,0.000
-0.95,-0.14,-163.13,0.000,0.000,0.000
-0.95,-0.14,-163.13,0.000,0.000,0.000
-0.95,-0.14,-163.13,0.000,0.000,0.000
-0.95,-0.14,-163.13,0.000,0.000,0.000
-0.94,-0.14,-163.13,0.000,0.000,0.000
-0.94,-0.15,-163.13,0.000,0.000,0.000
-0.94,-0.15,-163.13,0.000,0.000,0.000
-0.94,-0.15,-163.13,0.000,0.000,0.000
-0.94,-0.15,-163.13,0.000,0.000,0.000
-0.94,-0.15,-163.13,0.000,0.000,0.000
-0.94,-0.15,-163.13,0.000,0.000,0.000
-0.94,-0.15,-163.13,0.000,0.000,0.000
-0.94,-0.15,-163.13,0.000,0.000,0.000
-0.94,-0.15,-163.13,0.000,0.000,0.000
-0.94,-0.15,-163.13,0.000,0.000,0.000
-0.94,-0.15,-163.13,0.000,0.000,0.000
-0.94,-0.16,-163.13,0.000,0.000,0.000
-0.94,-0.16,-163.13,0.000,0.000,0.000
-0.94,-0.16,-163.13,0.000,0.000,0.000
-0.94,-0.16,-163.13,0.000,0.000,0.000
-0.94,-0.16,-163.13,0.000,0.000,0.000
-0.94,-0.16,-163.13,0.000,0.000,0.000
-0.94,-0.16,-163.13,0.000,0.000,0.000
-0.94,-0.16,-163.13,0.000,0.000,0.000
-0.94,-0.16,-163.13,0.000,0.000,0.000
-0.94,-0.16,-163.13,0.000,0.000,0.000
-0.94,-0.16,-163.13,0.000,0.000,0.000
-0.94,-0.16,-163.13,0.000,0.000,0.000
-0.93,-0.17,-163.13,0.000,0.000,0.000
-0.93,-0.17,-163.13,0.000,0.000,0.000
-0.93,-0.17,-163.13,0.000,0.000,0.000
-0.93,-0.17,-163.13,0.000,0.000,0.000
-0.93,-0.17,-163.13,0.000,0.000,0.000
-0.93,-0.17,-163.13,0.000,0.000,0.000
